13.5258287 52.42294143
13.52582773 52.42294161
13.52582789 52.42294315
13.5258275 52.42294331
13.52571846 52.42293282
13.52554795 52.42294917
13.5255389 52.42301208
13.52550688 52.4230304
13.52534242 52.42301654
13.52511046 52.42286452
13.52493357 52.42284543
13.5248159 52.42284646
13.52471634 52.42283178
13.52470996 52.422871
13.52466588 52.42289497
13.52460315 52.42288871
13.52457831 52.42293762
13.52449888 52.422924
13.52448137 52.42295125
13.52451249 52.42300911
13.52449199 52.4230675
13.52445804 52.42310589
13.52442353 52.423183
13.52435251 52.42318495
13.52427962 52.42319192
13.52415078 52.42316034
13.52409327 52.4231814
13.52398003 52.4231889
13.52389252 52.42320172
13.52394663 52.42328879
13.52392818 52.42335426
13.52392861 52.4233606
13.5239139 52.42337871
13.52387004 52.42339004
13.52380403 52.42340956
13.5237575 52.42342265
