-73.635409451 45.549090052
-73.635547265 45.548846652
-73.635731953 45.548693035
-73.63596453 45.548549054
-73.636192655 45.548395237
-73.636413924 45.548232417
-73.636616175 45.548062568
-73.636829998 45.547867275
-73.637039417 45.547670475
-73.637204935 45.547512522
-73.637365199 45.547332043
-73.637498551 45.547153271
-73.637646115 45.546977517
-73.637795917 45.546770312
-73.637936287 45.546578674
-73.638052204 45.546402288
-73.638153474 45.546244569
-73.63830259 45.546060716
-73.638447616 45.545924423
-73.63860279 45.545745969
-73.638744413 45.545548553
-73.638876564 45.54539091
-73.639030457 45.54520022
-73.639175885 45.545066312
-73.639323292 45.544920256
-73.639465118 45.544771851
-73.639592702 45.544619427
-73.639705274 45.544459732
-73.639798963 45.544315004
-73.639905392 45.544150231
-73.640073842 45.543979117
-73.640203734 45.543853195
-73.640349242 45.543657739
-73.640498599 45.543495929
-73.640638555 45.543340522
-73.640789257 45.543156409
-73.640922455 45.542966211
-73.641021493 45.542773607
-73.641135342 45.542577835
-73.641283932 45.542387071
-73.641394435 45.542221188
-73.641505778 45.542034376
-73.641646583 45.541859649
-73.641742808 45.541666854
-73.641840669 45.541480571
-73.641919947 45.541313631
-73.642025833 45.541117234
-73.642159741 45.540951982
-73.642261162 45.540808089
-73.642347215 45.540628036
-73.642476089 45.540461866
-73.642611095 45.54025832
-73.642708873 45.540059768
-73.64284293 45.539892435
-73.642992911 45.539700959
-73.643110905 45.539558439
-73.643222811 45.539332118
-73.643350575 45.539147016
-73.643472857 45.538959844
-73.643567911 45.538761784
-73.643670922 45.538542602
-73.643819582 45.538345598
-73.643940229 45.53815941
-73.644057127 45.537988655
-73.644168225 45.537785415
-73.6442681 45.537624254
-73.64441739 45.537450246
-73.64453638 45.537255665
-73.644658647 45.537045367
-73.644761838 45.536852526
-73.644877518 45.536656658
-73.644988708 45.53646121
-73.645116948 45.536286977
-73.6452844 45.536141079
-73.645379048 45.535962891
-73.645503084 45.535777595
-73.645632638 45.535578384
-73.645788048 45.535403067
-73.645958225 45.535196899
-73.646080737 45.535010582
-73.646262753 45.534815241
-73.646324943 45.534613293
-73.646424301 45.534402652
-73.646544201 45.534229595
-73.646685677 45.534045886
-73.646808184 45.533855613
-73.646926708 45.533679487
-73.647006684 45.533497154
-73.6471329 45.533313848
-73.647211964 45.533137082
-73.647337735 45.532974265
-73.64744329 45.532794
-73.64751438 45.532631687
-73.647680082 45.532461119
-73.647834292 45.532290265
-73.647960936 45.532116217
-73.648102744 45.531945061
-73.648212549 45.531744638
-73.648325404 45.531542109
-73.648439885 45.531359875
-73.648575971 45.531191286
-73.648705388 45.531009629
-73.648846105 45.530818536
-73.648942968 45.530631544
-73.64905866 45.530433155
-73.649171274 45.530249357
-73.649322325 45.53007461
-73.649429785 45.529927925
-73.649552272 45.529744017
-73.649728401 45.529583932
-73.64998748 45.529437196
-73.650179496 45.529277766
-73.65028464 45.529090126
-73.65042683 45.528925213
-73.650569871 45.528767921
-73.650718366 45.528597434
-73.650873344 45.528424746
-73.651020194 45.528262013
-73.651163463 45.52808084
-73.651281509 45.527924529
-73.651376107 45.527757413
-73.651521893 45.527599443
-73.651646056 45.527446543
-73.651848931 45.527256381
-73.65191263 45.527070848
-73.651967916 45.526877173
-73.652010921 45.526673309
-73.65202674 45.526451017
-73.652040176 45.52624624
-73.652054355 45.526041864
-73.652114439 45.525877521
-73.652178552 45.525692037
-73.65224093 45.525512961
-73.652281678 45.525307642
-73.652297782 45.52510076
-73.652360498 45.524930918
-73.65243653 45.52474068
-73.652514175 45.52457469
-73.652578141 45.524393231
-73.652637763 45.524205539
-73.652734095 45.524030512
-73.652831098 45.52387778
-73.652959487 45.52364939
-73.6530377 45.523460171
-73.653149162 45.523214204
-73.65327265 45.522984038
-73.653364521 45.522781175
-73.653452194 45.522585433
-73.653530383 45.522408954
-73.653672246 45.522220828
-73.653766672 45.522037084
-73.653856568 45.521883403
-73.653966668 45.521721905
-73.654066457 45.521558889
-73.654162365 45.521389174
-73.654281709 45.521244871
-73.654381808 45.521130738
-73.654466858 45.52100854
-73.654553719 45.520889032
-73.654652083 45.520766821
-73.654731369 45.520629783
-73.654853081 45.5204776
-73.654972232 45.520335624
-73.655070529 45.520186673
-73.655177054 45.520016076
-73.655286502 45.519860375
-73.655379658 45.519712875
-73.655482223 45.519550236
-73.655576315 45.519394844
-73.655665991 45.519216268
-73.655759954 45.519033625
-73.655853454 45.518868209
-73.655980467 45.518671151
-73.656085432 45.518474466
-73.656169479 45.51830811
-73.656266897 45.518122466
-73.656376706 45.517950834
-73.656468535 45.517773666
-73.656574274 45.517602317
-73.656714386 45.517437586
-73.656853889 45.517273755
-73.656984381 45.517123205
-73.657083308 45.516935575
-73.657200026 45.516771213
-73.657340136 45.51660474
-73.657437061 45.516432692
-73.657540886 45.5162599
-73.657632364 45.516081541
-73.65775996 45.515922475
-73.657904753 45.515749025
-73.658003395 45.515595438
-73.65810251 45.515447695
-73.658233948 45.515293215
-73.65835735 45.515150767
-73.658483984 45.515002475
-73.658574418 45.514855338
-73.658651733 45.51469668
-73.65873145 45.514530288
-73.658820113 45.514355003
-73.658923194 45.514175786
-73.659048644 45.514022362
-73.659170025 45.51385866
-73.659304047 45.513686273
-73.659376326 45.513527322
-73.659467757 45.513355452
-73.659579251 45.513202371
-73.659680118 45.513040864
-73.65975488 45.512877977
-73.659844975 45.512708075
-73.659932408 45.512545028
-73.660019628 45.512392965
-73.660125148 45.512233282
-73.660247896 45.512082584
-73.660350679 45.51194263
-73.660458327 45.511770859
-73.660589657 45.511608393
-73.660666705 45.511443311
-73.66074612 45.511274511
-73.660853827 45.511103824
-73.660970704 45.510916559
-73.661095466 45.51074869
-73.661203681 45.510556853
-73.661319116 45.510361878
-73.661454164 45.510192753
-73.661588081 45.510024604
-73.661703698 45.509866843
-73.661776368 45.509707046
-73.661841944 45.50955851
-73.661904838 45.509411549
-73.661990945 45.509278881
-73.662046964 45.50914976
-73.662125625 45.509030675
-73.662192882 45.508899708
-73.66227545 45.508755515
-73.662370068 45.508636599
-73.662445602 45.508510954
-73.662558297 45.508377479
-73.662665386 45.508252617
-73.662753238 45.508115883
-73.662857033 45.507994123
-73.662973828 45.507850868
-73.663058212 45.507669715
-73.663131523 45.507545033
-73.663243474 45.507394597
-73.663292865 45.507270351
-73.663400674 45.507091223
-73.663507297 45.506915668
-73.663577126 45.506800693
-73.663674252 45.506640774
-73.663818871 45.50651896
-73.663879279 45.506368548
-73.663931098 45.506234061
-73.663985575 45.50611562
-73.664064739 45.505986124
-73.664152977 45.505841783
-73.664314514 45.505742112
-73.664413555 45.505606716
-73.66450357 45.50547903
-73.664582809 45.505349411
-73.664632633 45.505222356
-73.664684132 45.50510361
-73.664772315 45.50495282
-73.664837585 45.504865608
-73.664914434 45.504758742
-73.66497689 45.504692699
-73.665154256 45.504563669
-73.665282301 45.504456979
-73.665384934 45.504367183
-73.665419282 45.504224051
-73.66558601 45.504137113
-73.665743361 45.504111519
-73.665809232 45.504058038
-73.665816762 45.50399349
-73.665883948 45.503907986
-73.665925786 45.50383486
-73.6659542 45.503741224
-73.665942738 45.503650056
-73.665913829 45.503525302
-73.665905164 45.503459682
-73.665864642 45.503357585
-73.665811885 45.50326732
-73.665740917 45.503157049
-73.665680232 45.50305822
-73.665601352 45.502955806
-73.66551501 45.50287669
-73.665414586 45.502802231
-73.665304764 45.502736424
-73.665194217 45.502681811
-73.665042694 45.502616101
-73.664898709 45.502557816
-73.66476418 45.502509724
-73.664658712 45.502456477
-73.664580746 45.502414519
-73.664487315 45.502361404
-73.664452162 45.50224867
-73.664356392 45.5021978
-73.664230841 45.502091317
-73.66412662 45.502005853
-73.664027525 45.501916122
-73.663927857 45.501801216
-73.663838032 45.501697659
-73.663716461 45.50159794
-73.663616911 45.501478894
-73.66352948 45.501342035
-73.663434716 45.501234424
-73.663308031 45.501107944
-73.663240648 45.500960816
-73.663112102 45.500865212
-73.662986388 45.500756485
-73.662851577 45.500660579
-73.662702269 45.500557683
-73.662567885 45.500460706
-73.662364863 45.500318159
-73.662288444 45.500240051
-73.662128063 45.500134221
-73.662030966 45.500082422
-73.662007017 45.500039204
-73.661982063 45.499992278
-73.661961825 45.499954093
-73.661929968 45.499912802
-73.661870307 45.499854392
-73.661835112 45.499827878
-73.6617702 45.499759099
-73.661666761 45.499688707
-73.661521583 45.49959284
-73.661396235 45.499511476
-73.661200919 45.499469035
-73.661033306 45.49936576
-73.660870838 45.499276533
-73.660695507 45.499138236
-73.66049777 45.498985395
-73.660285149 45.498869263
-73.660070788 45.498709862
-73.659816811 45.498573931
-73.659700162 45.498491988
-73.659374073 45.498310893
-73.659122308 45.498174792
-73.658857281 45.498007917
-73.65863405 45.49786664
-73.65847333 45.497764924
-73.658296606 45.497653081
-73.658112586 45.497536619
-73.657894076 45.497424834
-73.657710595 45.497297178
-73.657486616 45.497129151
-73.65722707 45.497025206
-73.657063116 45.496896601
-73.656951481 45.496731133
-73.656775503 45.496608397
-73.656564317 45.496524939
-73.656366777 45.496412766
-73.656176882 45.496298967
-73.655951822 45.496161336
-73.65574668 45.496030789
-73.655557642 45.495910463
-73.655366366 45.49578866
-73.655174427 45.495659852
-73.654999437 45.495524145
-73.654809742 45.495398439
-73.654584399 45.495279411
-73.654390174 45.495167466
-73.654200311 45.495043397
-73.654029157 45.494910306
-73.653831608 45.494764786
-73.653574234 45.4946283
-73.653332124 45.494499608
-73.653122507 45.494364678
-73.652877863 45.494217266
-73.652695541 45.494109466
-73.652493215 45.493971695
-73.65227989 45.493830838
-73.652076927 45.493700419
-73.651845912 45.493607292
-73.651591404 45.49346354
-73.651358903 45.493354901
-73.651147493 45.493252037
-73.650931499 45.493146887
-73.650683045 45.493062567
-73.650461808 45.492967592
-73.650233586 45.492878496
-73.650001716 45.49279968
-73.649768827 45.492710421
-73.649523479 45.492629656
-73.649316906 45.492538482
-73.649072643 45.492458115
-73.648852712 45.492361612
-73.648627395 45.492277359
-73.648414938 45.492171049
-73.648174406 45.492069254
-73.647918679 45.491954189
-73.647714568 45.491875796
-73.647491452 45.491763032
-73.647246283 45.491659128
-73.647014323 45.491582085
-73.646767964 45.491498352
-73.646517743 45.491376934
-73.646284607 45.491264601
-73.646054031 45.491186918
-73.64582844 45.491076347
-73.645601387 45.490958036
-73.645369036 45.490835581
-73.645153378 45.490718466
-73.644927755 45.490631361
-73.644690561 45.490543699
-73.644442567 45.49045377
-73.644200419 45.490367649
-73.643949032 45.490258431
-73.643715152 45.490147048
-73.64347133 45.490060185
-73.643212074 45.489965357
-73.6429534 45.489850032
-73.642698242 45.489735099
-73.642451898 45.489624137
-73.64218497 45.489503901
-73.641943651 45.489395181
-73.641686718 45.489279427
-73.641453064 45.48917416
-73.641210462 45.489043462
-73.640973543 45.48894725
-73.640749952 45.488825074
-73.640526597 45.488703003
-73.640304009 45.48858298
-73.640071414 45.488459008
-73.639850441 45.488342046
-73.639618149 45.488230332
-73.639404208 45.488115942
-73.639163489 45.488027337
-73.638930692 45.487929489
-73.63869556 45.487845246
-73.638472547 45.487727613
-73.638241896 45.487606674
-73.63801338 45.487527631
-73.637788709 45.487449895
-73.637566866 45.487365474
-73.637362069 45.487263149
-73.637154182 45.487171173
-73.636938872 45.487093392
-73.63672321 45.487008632
-73.63651829 45.486909553
-73.636297819 45.486818912
-73.636078784 45.486722195
-73.635836297 45.486638369
-73.63560637 45.48654327
-73.635405458 45.486428928
-73.635190548 45.486326348
-73.634986907 45.486225607
-73.634777532 45.486132626
-73.634562189 45.486032419
-73.634348168 45.485935835
-73.6341178 45.4858544
-73.633889347 45.485773325
-73.633617302 45.485665144
-73.633368228 45.485553486
-73.633144367 45.48545313
-73.632907273 45.48534232
-73.632661169 45.485231947
-73.632429551 45.485125594
-73.632194103 45.485006743
-73.631971408 45.484912542
-73.6317484 45.484813932
-73.631477661 45.484705672
-73.631232204 45.484595557
-73.63101863 45.484490247
-73.630819741 45.484390055
-73.63059641 45.484302375
-73.630389877 45.484199685
-73.630194235 45.484129911
-73.629952139 45.484021304
-73.629747935 45.483919543
-73.629520608 45.483827716
-73.629315926 45.483735893
-73.629078827 45.483628967
-73.628866484 45.483531345
-73.628650351 45.483418028
-73.628413102 45.483305443
-73.628161825 45.48319845
-73.627932547 45.483114313
-73.627705943 45.482991092
-73.627455618 45.482857206
-73.627221719 45.482743959
-73.627010013 45.482670146
-73.626737842 45.482554248
-73.62648512 45.482448366
-73.626236774 45.482333628
-73.626046031 45.482226493
-73.625828891 45.482107487
-73.625609694 45.481987557
-73.625386761 45.481884508
-73.625178777 45.48179983
-73.624968991 45.481706749
-73.624760093 45.481624245
-73.624536744 45.481542395
-73.624337523 45.48147113
-73.624199869 45.481387589
-73.624058766 45.481311429
-73.623881042 45.481226916
-73.623647207 45.48114271
-73.623468087 45.481070945
-73.623284754 45.480968699
-73.623097842 45.480872561
-73.622890583 45.480801381
-73.622687062 45.48070806
-73.622468061 45.480595395
-73.622274913 45.480496377
-73.622059821 45.480406662
-73.621870905 45.48028206
-73.621696937 45.480165603
-73.621483385 45.48004317
-73.621312434 45.479923369
-73.621123822 45.479811963
-73.620958213 45.479698
-73.620782453 45.479540729
-73.620645426 45.479410159
-73.620499387 45.479226749
-73.620356671 45.479065553
-73.620226663 45.478912669
-73.620101039 45.478739296
-73.619969066 45.478568023
-73.619810241 45.478398046
-73.619655823 45.478255373
-73.619502677 45.478114158
-73.61936303 45.477978315
-73.619217749 45.477818574
-73.619074451 45.477651471
-73.618933639 45.477490064
-73.618804317 45.477359708
-73.618571046 45.477221162
-73.618361845 45.47707993
-73.61816821 45.476953491
-73.617968751 45.476826527
-73.617773689 45.476703687
-73.617578085 45.476580468
-73.617379572 45.47645908
-73.617180907 45.476341362
-73.616979891 45.476222647
-73.616539517 45.475946459
-73.615939128 45.475629277
-73.615623297 45.475464057
-73.615375774 45.475365489
-73.615181357 45.47524884
-73.614947886 45.475140422
-73.614770547 45.474998676
-73.614538302 45.47490498
-73.614316182 45.474814295
-73.614102903 45.47473448
-73.613871603 45.474644716
-73.613655166 45.474531119
-73.613436495 45.474435504
-73.613222825 45.474360497
-73.613076606 45.474242232
-73.612867628 45.474142195
-73.61267801 45.474044087
-73.612480912 45.473961422
-73.612316601 45.473874103
-73.612135823 45.473790829
-73.611971379 45.473714771
-73.611809094 45.473639288
-73.61165553 45.473567862
-73.611442818 45.473468989
-73.611257411 45.473382928
-73.611087577 45.473304095
-73.61086723 45.47320244
-73.610696564 45.473124278
-73.610488567 45.473022152
-73.610281688 45.472915383
-73.610067928 45.472805836
-73.609881704 45.472711456
-73.6096104 45.472650985
-73.609440204 45.472534931
-73.609235818 45.472434168
-73.609030142 45.472321857
-73.608825581 45.472228894
-73.608601964 45.472146574
-73.608401086 45.472041598
-73.608174727 45.47200408
-73.608029003 45.471876437
-73.60780679 45.471821315
-73.607539151 45.471800191
-73.607325381 45.471722447
-73.607124413 45.471614951
-73.606923832 45.471515191
-73.606764779 45.471389328
-73.606577976 45.471296053
-73.606357715 45.471210547
-73.60615854 45.471126288
-73.605963168 45.471046015
-73.605749583 45.470989908
-73.605566378 45.470908599
-73.605387529 45.470820706
-73.605196983 45.470750524
-73.605056439 45.470657605
-73.604882591 45.470585231
-73.604693412 45.470465906
-73.604462564 45.470377843
-73.604287444 45.470307786
-73.604025458 45.470210123
-73.603757183 45.470111039
-73.603563957 45.469987894
-73.603329207 45.4699028
-73.603137219 45.469827015
-73.602910854 45.469761491
-73.602658477 45.469678674
-73.602451235 45.469608183
-73.602265241 45.469590035
-73.602060697 45.469548806
-73.601862642 45.469528017
-73.601645331 45.469501878
-73.601452816 45.469505543
-73.6012383 45.469518596
-73.601086788 45.469509441
-73.600891187 45.469519879
-73.600650516 45.46954513
-73.600386503 45.469593299
-73.600245922 45.469601189
-73.600058284 45.469621098
-73.599855101 45.469647548
-73.599696388 45.469666596
-73.599486708 45.469711983
-73.599327444 45.469763886
-73.599187254 45.46981117
-73.598988673 45.469882643
-73.598821887 45.469951283
-73.598609404 45.470046873
-73.598472938 45.470121176
-73.598364336 45.470186739
-73.598242298 45.470275624
-73.598156078 45.470324844
-73.59805373 45.470398312
-73.597978731 45.470454852
-73.597876201 45.47053659
-73.597777786 45.470619778
-73.597631889 45.470753445
-73.597505742 45.470874571
-73.597394213 45.470982329
-73.59726671 45.471105609
-73.597163062 45.471218683
-73.597062092 45.471332024
-73.596986277 45.471422047
-73.596907285 45.471520676
-73.596836115 45.471618595
-73.596750886 45.471732497
-73.596678913 45.471856465
-73.596613506 45.47200262
-73.596572878 45.472119693
-73.596521911 45.472223921
-73.596482686 45.47233551
-73.596417491 45.472455523
-73.596378345 45.472577773
-73.596332533 45.472738205
-73.596262103 45.472919343
-73.596233208 45.473038432
-73.596198246 45.473180754
-73.596166078 45.473314451
-73.59609633 45.473453111
-73.596042423 45.473595919
-73.595977416 45.47372644
-73.595986709 45.473913255
-73.595931863 45.474068622
-73.595867363 45.474215257
-73.59579925 45.474389414
-73.595741304 45.474543526
-73.595671992 45.474727871
-73.595605676 45.474893603
-73.595544299 45.475067759
-73.595490744 45.475230021
-73.595432501 45.475390721
-73.595376235 45.475543805
-73.59531671 45.475697022
-73.595244755 45.475879507
-73.595169937 45.476044421
-73.59510149 45.476195543
-73.595022303 45.476341781
-73.59494535 45.476494735
-73.594858133 45.476660851
-73.59476993 45.476798945
-73.594676691 45.476960999
-73.594540158 45.477130032
-73.594405136 45.477287189
-73.594297278 45.477465066
-73.594161064 45.477666439
-73.594031452 45.477826088
-73.593881024 45.478015073
-73.593756525 45.478146762
-73.593598777 45.47828411
-73.59342822 45.478430808
-73.593264415 45.478567182
-73.593142894 45.478661403
-73.592908991 45.478823316
-73.592713448 45.478955957
-73.592556219 45.479062031
-73.59239778 45.479168922
-73.592209758 45.479294593
-73.592011621 45.479400871
-73.591785552 45.479528002
-73.591621943 45.479651419
-73.591470049 45.47977032
-73.591274182 45.479892369
-73.591090003 45.480005456
-73.590874976 45.480137373
-73.59067322 45.480259673
-73.590462672 45.480388433
-73.590241561 45.48052524
-73.590077903 45.480626499
-73.589883338 45.480746881
-73.58968386 45.480870303
-73.589479138 45.48099697
-73.58928244 45.481118672
-73.58909714 45.481233322
-73.588885631 45.481364187
-73.588748115 45.481427515
-73.588550617 45.481532735
-73.588374631 45.481625062
-73.588260061 45.481726061
-73.588046178 45.481893282
-73.587873785 45.482032872
-73.587653841 45.482175497
-73.587463042 45.482293783
-73.587268069 45.482412021
-73.587074558 45.482527983
-73.586877433 45.482646111
-73.586708376 45.482747118
-73.586473618 45.482892378
-73.586300612 45.483000556
-73.586069688 45.483144863
-73.585877993 45.483240584
-73.585676385 45.483353697
-73.585536544 45.483465262
-73.585312753 45.483587064
-73.585148539 45.483715195
-73.584969559 45.48383704
-73.584772241 45.483965356
-73.584517465 45.484101413
-73.584354554 45.484212886
-73.584134638 45.484320312
-73.583931863 45.484419644
-73.583762948 45.484514274
-73.583598693 45.484643479
-73.583424475 45.484783139
-73.583206434 45.48490348
-73.583002836 45.485015899
-73.582816675 45.485129208
-73.582664569 45.485230328
-73.582464897 45.485354412
-73.582335417 45.485429424
-73.582139545 45.4855431
-73.581928966 45.485630553
-73.581765171 45.485740553
-73.581600708 45.485852637
-73.581422769 45.485965707
-73.581289752 45.48605894
-73.581108591 45.486172594
-73.581028202 45.486245639
-73.580878248 45.486346848
-73.58074998 45.48646157
-73.580588747 45.486559897
-73.58045275 45.486652239
-73.580309263 45.486744167
-73.580201131 45.486847147
-73.580002247 45.486888078
-73.579887133 45.486987286
-73.579751476 45.487120787
-73.579655635 45.48724784
-73.579574508 45.487390054
-73.579513924 45.487503437
-73.579452203 45.487618378
-73.579537496 45.487753176
-73.579426044 45.487841168
-73.579255262 45.487925614
-73.579119047 45.488011094
-73.579006424 45.488087779
-73.578898917 45.488174135
-73.578776632 45.488270329
-73.578650027 45.488369922
-73.578518199 45.488473485
-73.578396632 45.488564321
-73.578282718 45.488649439
-73.578135147 45.488762809
-73.578009813 45.488862878
-73.577877265 45.488968978
-73.577749771 45.489071974
-73.577619368 45.48917732
-73.577504199 45.48927036
-73.57738476 45.489368854
-73.577304559 45.489439294
-73.577221667 45.489513807
-73.577136392 45.489589205
-73.577054206 45.489680255
-73.577000498 45.489753539
-73.576955062 45.489848211
-73.576925819 45.489929593
-73.576909003 45.490018447
-73.576900444 45.490107112
-73.576909924 45.49019779
-73.576929995 45.490287238
-73.57695296 45.490377033
-73.57697997 45.490458337
-73.577018594 45.490544603
-73.57706598 45.490627252
-73.577122121 45.490710034
-73.577179815 45.490784382
-73.577310258 45.490928113
-73.57737322 45.490989125
-73.57739442 45.491009469
-73.577402117 45.491016855
-73.577392347 45.49100748
-73.577396593 45.491011553
-73.577385368 45.491000782
-73.577384723 45.491000163
-73.577385922 45.491001314
-73.577379655 45.4909953
-73.577390964 45.491006152
-73.577398711 45.491013586
-73.577399269 45.491014121
-73.577403811 45.49101848
-73.577401176 45.491015951
-73.577404008 45.491018669
-73.577408884 45.491023348
-73.577402252 45.491016984
-73.57740128 45.491016051
-73.577401878 45.491016625
-73.577402513 45.491017234
-73.577402998 45.4910177
-73.577403993 45.491018655
-73.577401473 45.491016237
-73.577402407 45.491017133
-73.577402214 45.491016947
-73.577399664 45.4910145
-73.577401596 45.491016354
-73.577402889 45.491017595
-73.577405752 45.491020343
-73.577397645 45.491012563
-73.577393779 45.491008853
-73.577392141 45.491007282
-73.577397294 45.491012226
-73.577395234 45.49101025
-73.577394793 45.491009826
-73.577400127 45.491014945
-73.577395934 45.491010921
-73.577395488 45.491010493
-73.577391368 45.491006539
-73.577401459 45.491016223
-73.57739227 45.491007405
-73.577400057 45.491014878
-73.577420515 45.491034509
-73.577432157 45.49104568
-73.577466501 45.491078637
-73.577488234 45.491099492
-73.577490076 45.491101259
-73.577416664 45.491183102
-73.577357514 45.491246559
-73.577285627 45.49132368
-73.577207013 45.491408019
-73.577123107 45.491498035
-73.577048682 45.491577879
-73.576958747 45.491674363
-73.576919792 45.491716154
-73.576811112 45.491835985
-73.576771324 45.49187988
-73.576735635 45.49191924
-73.57671329 45.491943877
-73.57668871 45.491970978
-73.576653438 45.492009868
-73.576648152 45.492015695
-73.576624026 45.492042295
-73.576635071 45.492030118
-73.576649995 45.492013663
-73.576656466 45.492006529
-73.576664097 45.491998115
-73.576677718 45.491983097
-73.576674971 45.491986126
-73.576688709 45.491970979
-73.576706009 45.491951905
-73.576711501 45.491945849
-73.576700958 45.491957474
-73.576682533 45.491977789
-73.576666461 45.491995509
-73.576656953 45.492005992
-73.57665877 45.492003989
-73.576659825 45.492002826
-73.576659544 45.492003135
-73.576659541 45.492003138
-73.576659538 45.492003141
-73.576659536 45.492003145
-73.576659533 45.492003148
-73.57665953 45.492003151
-73.576659527 45.492003154
-73.576660432 45.492002156
-73.576656816 45.492006143
-73.576647442 45.492016478
-73.57662807 45.492037837
-73.576603164 45.492065297
-73.57657535 45.492095964
-73.576536483 45.492138816
-73.576493257 45.492186476
-73.576477854 45.492203459
-73.576401748 45.492281716
-73.576343259 45.492341843
-73.576274949 45.492412067
-73.576211808 45.492476976
-73.576148973 45.492541571
-73.576086078 45.492606228
-73.576022908 45.492671168
-73.575960539 45.49273521
-73.575904373 45.492792702
-73.575848775 45.492849614
-73.575791101 45.49290865
-73.575741769 45.492959147
-73.575741852 45.492959063
-73.575625891 45.493084032
-73.575577219 45.493136499
-73.575520723 45.4931974
-73.575457442 45.493265616
-73.575392763 45.493336147
-73.575328477 45.493406559
-73.575268089 45.493472329
-73.575223624 45.493520641
-73.575170054 45.493577171
-73.575135314 45.49361317
-73.575112369 45.493636947
-73.575100483 45.493649263
-73.575095276 45.493654659
-73.575095547 45.493654377
-73.575094711 45.493655244
-73.575093744 45.493656246
-73.575092956 45.493657063
-73.575090836 45.49365926
-73.575091517 45.493658554
-73.575090069 45.493660054
-73.575088739 45.493661433
-73.575086779 45.493663463
-73.575085572 45.493664714
-73.575084984 45.493665324
-73.575082399 45.493668002
-73.575082592 45.493667802
-73.57508261 45.493667784
-73.575082844 45.493667542
-73.575082861 45.493667523
-73.575082879 45.493667505
-73.575083123 45.493667253
-73.575082989 45.493667391
-73.575083007 45.493667373
-73.575083025 45.493667354
-73.575083042 45.493667336
-73.57508306 45.493667318
-73.575083078 45.493667299
-73.575082964 45.493667417
-73.575082433 45.493667967
-73.575082451 45.493667948
-73.575083401 45.493666964
-73.575083419 45.493666946
-73.575083025 45.493667354
-73.575083043 45.493667336
-73.57508306 45.493667317
-73.575083078 45.493667299
-73.575083096 45.493667281
-73.575083024 45.493667355
-73.575083042 45.493667337
-73.575083059 45.493667318
-73.575083077 45.4936673
-73.575083095 45.493667281
-73.575083113 45.493667263
-73.57508313 45.493667245
-73.575083148 45.493667226
-73.575083166 45.493667208
-73.575083183 45.49366719
-73.575083201 45.493667171
-73.575083219 45.493667153
-73.575083236 45.493667135
-73.575083254 45.493667116
-73.575083272 45.493667098
-73.57508268 45.493667711
-73.575082698 45.493667693
-73.575082716 45.493667674
-73.575083482 45.493666881
-73.575083499 45.493666862
-73.575082705 45.493667685
-73.575061 45.493690177
-73.575065242 45.493685782
-73.575068236 45.493682679
-73.575069361 45.493681513
-73.575069419 45.493681453
-73.575063251 45.493687845
-73.575056848 45.493694479
-73.5750391 45.493712871
-73.575019193 45.493733499
-73.574997322 45.493756163
-73.574978266 45.49377591
-73.574957961 45.49379695
-73.57495372 45.49379658
-73.574861629 45.4937534
-73.574795463 45.493722072
-73.574719665 45.493686184
-73.574633652 45.493645459
-73.574536419 45.493599421
-73.574425017 45.493546724
-73.574324249 45.49349908
-73.574217381 45.493448552
-73.574109893 45.493397731
-73.574005176 45.493348185
-73.573888675 45.493292986
-73.573766484 45.493235092
-73.573642171 45.493176192
-73.573518634 45.493117023
-73.573435607 45.493076282
-73.573279068 45.493000027
-73.573201662 45.49296232
-73.573050974 45.492887181
-73.572972801 45.492852717
-73.572859607 45.492809992
-73.572782598 45.492772084
-73.57270581 45.492734661
-73.572652671 45.492709894
-73.572602981 45.492686734
-73.572574143 45.492673293
-73.57254782 45.492661024
-73.572530969 45.49265317
-73.572532383 45.492653829
-73.572535268 45.492655174
-73.572535306 45.492655191
-73.572535488 45.492655276
-73.572534511 45.492654821
-73.572534029 45.492654596
-73.572534634 45.492654878
-73.572534529 45.492654829
-73.572534433 45.492654784
-73.572534386 45.492654762
-73.572534296 45.49265472
-73.572528666 45.492652096
-73.572525729 45.492650727
-73.572526256 45.492650973
-73.572526599 45.492651133
-73.572525424 45.492650585
-73.572526159 45.492650928
-73.572522638 45.492649287
-73.572513199 45.492644887
-73.572482865 45.492629856
-73.572435431 45.492605813
-73.572369463 45.492573039
-73.572297604 45.492537607
-73.572260363 45.492519244
-73.572124639 45.492449265
-73.572025096 45.492397922
-73.571909964 45.492339762
-73.571789626 45.492285282
-73.571660781 45.492225766
-73.571527619 45.492163391
-73.571397098 45.492102076
-73.571257141 45.492036001
-73.571119579 45.491971057
-73.570983788 45.491906949
-73.570848102 45.49184289
-73.570714278 45.491779356
-73.570584669 45.491717543
-73.57045709 45.491656698
-73.570328829 45.491595528
-73.570206436 45.491537157
-73.570090508 45.491481868
-73.569970838 45.491424795
-73.569857201 45.491370689
-73.569740905 45.491315318
-73.569624676 45.491259978
-73.569505281 45.491203132
-73.569379276 45.491143137
-73.569252793 45.491082916
-73.569130645 45.491024758
-73.56901063 45.490967506
-73.568888591 45.49090918
-73.568767812 45.490851578
-73.568647359 45.490794132
-73.568526125 45.490736313
-73.568406207 45.490679122
-73.568287936 45.490622717
-73.568175898 45.490569284
-73.568065111 45.49051608
-73.567960256 45.490465274
-73.567854648 45.490414103
-73.567763872 45.490370119
-73.567750826 45.490363798
-73.567612828 45.49029966
-73.567547358 45.490269252
-73.567500099 45.490247302
-73.56747971 45.490237833
-73.567463325 45.490230222
-73.567452183 45.490225047
-73.567436921 45.490217959
-73.567436855 45.490217928
-73.567441246 45.490219968
-73.567437696 45.490218319
-73.567426182 45.490212971
-73.567396234 45.490199062
-73.567355137 45.490179974
-73.567307576 45.490157884
-73.567268894 45.490139917
-73.56723742 45.4901253
-73.567209253 45.490112217
-73.567183662 45.490138069
-73.567163161 45.49016022
-73.567145625 45.490179165
-73.567124638 45.49020184
-73.567112195 45.490215283
-73.567099973 45.490228488
-73.567094869 45.490234002
-73.567087601 45.490242265
-73.567074656 45.490257072
-73.567070681 45.490261618
-73.567070292 45.490262063
-73.567059623 45.490274266
-73.567051793 45.490283222
-73.567045173 45.490290794
-73.567038397 45.490298544
-73.567032038 45.490305817
-73.567024101 45.490314895
-73.567020997 45.490318446
-73.567021542 45.490317823
-73.567022141 45.490317137
-73.567021528 45.490317838
-73.5670218 45.490317527
-73.567019669 45.490319965
-73.567019186 45.490320517
-73.567020405 45.490319123
-73.567020674 45.490318816
-73.567020766 45.490318711
-73.567020779 45.490318695
-73.567020792 45.49031868
-73.567020806 45.490318665
-73.567020819 45.490318649
-73.567020832 45.490318634
-73.567020846 45.490318619
-73.567020794 45.490318678
-73.567020808 45.490318663
-73.567020821 45.490318647
-73.567020834 45.490318632
-73.567020848 45.490318617
-73.567021319 45.490318078
-73.567021332 45.490318063
-73.567020879 45.490318581
-73.567020892 45.490318565
-73.567020906 45.49031855
-73.567020919 45.490318535
-73.567020933 45.49031852
-73.567020946 45.490318504
-73.567020959 45.490318489
-73.567020973 45.490318474
-73.567020986 45.490318459
-73.567020637 45.490318858
-73.567020841 45.490318624
-73.567013691 45.490326803
-73.567012542 45.490328117
-73.567014271 45.490326138
-73.56701112 45.490329743
-73.567011575 45.490329222
-73.56701061 45.490330326
-73.567010388 45.490330581
-73.567010261 45.490330725
-73.567010276 45.490330709
-73.56701029 45.490330692
-73.567010305 45.490330676
-73.567010319 45.490330659
-73.567010333 45.490330643
-73.567010348 45.490330626
-73.567010362 45.490330609
-73.567010444 45.490330516
-73.567010933 45.490329957
-73.567010598 45.49033034
-73.567010613 45.490330323
-73.567009774 45.490331283
-73.567009788 45.490331266
-73.567009803 45.49033125
-73.567009832 45.490331216
-73.567009847 45.4903312
-73.567010259 45.490330727
-73.567010274 45.490330711
-73.567010288 45.490330694
-73.567010348 45.490330626
-73.567010363 45.490330609
-73.567010377 45.490330593
-73.567010392 45.490330576
-73.567010406 45.49033056
-73.567010421 45.490330543
-73.567010435 45.490330526
-73.56701045 45.49033051
-73.567010379 45.49033059
-73.567010394 45.490330574
-73.567010408 45.490330557
-73.567010423 45.490330541
-73.567010437 45.490330524
-73.567010451 45.490330508
-73.567010466 45.490330491
-73.56701048 45.490330475
-73.567011291 45.490329547
-73.567010568 45.490330374
-73.567010583 45.490330357
-73.567010782 45.49033013
-73.567010793 45.490330117
-73.567010611 45.490330325
-73.567010626 45.490330308
-73.567010526 45.490330423
-73.567010385 45.490330583
-73.5670104 45.490330567
-73.567010414 45.49033055
-73.567010429 45.490330534
-73.567010443 45.490330517
-73.567010458 45.490330501
-73.567010472 45.490330484
-73.567010487 45.490330467
-73.567010501 45.490330451
-73.567010373 45.490330597
-73.567010388 45.490330581
-73.567010402 45.490330564
-73.567010416 45.490330548
-73.567010431 45.490330531
-73.567010445 45.490330515
-73.56701046 45.490330498
-73.567010474 45.490330481
-73.567010489 45.490330465
-73.567010503 45.490330448
-73.567010518 45.490330432
-73.567010121 45.490330886
-73.567010135 45.49033087
-73.567011235 45.490329612
-73.567010099 45.490330911
-73.567010533 45.490330414
-73.567010443 45.490330518
-73.567010457 45.490330501
-73.567010472 45.490330484
-73.567010442 45.490330519
-73.567010456 45.490330502
-73.567010471 45.490330486
-73.567010873 45.490330025
-73.567010001 45.490331023
-73.567010015 45.490331006
-73.567010885 45.490330012
-73.567010856 45.490330045
-73.567010871 45.490330028
-73.567010885 45.490330012
-73.567010899 45.490329995
-73.567010914 45.490329979
-73.56701047 45.490330487
-73.567010484 45.49033047
-73.567010499 45.490330454
-73.567010513 45.490330437
-73.567010408 45.490330557
-73.567010423 45.49033054
-73.567010437 45.490330524
-73.567010452 45.490330507
-73.567010466 45.490330491
-73.567010474 45.490330482
-73.567010489 45.490330465
-73.567010405 45.490330561
-73.567010419 45.490330545
-73.567010434 45.490330528
-73.567010448 45.490330511
-73.567010463 45.490330495
-73.567010477 45.490330478
-73.567010492 45.490330462
-73.567010506 45.490330445
-73.56701052 45.490330429
-73.567010535 45.490330412
-73.567010549 45.490330396
-73.567010564 45.490330379
-73.567010454 45.490330505
-73.567010468 45.490330488
-73.567010483 45.490330472
-73.567010497 45.490330455
-73.567010512 45.490330439
-73.567010526 45.490330422
-73.56699214 45.490351452
-73.566993271 45.490350159
-73.566995448 45.490347669
-73.566994273 45.490349012
-73.566990932 45.490352834
-73.566992112 45.490351484
-73.566987808 45.490356407
-73.566979891 45.490365463
-73.566964709 45.490382827
-73.566944765 45.490405639
-73.566920997 45.490432823
-73.566913375 45.490441541
-73.566915971 45.490438572
-73.566923601 45.490429845
-73.566927362 45.490425543
-73.566937766 45.490413644
-73.566942702 45.490407999
-73.566949171 45.490400599
-73.566953075 45.490396133
-73.566958538 45.490389885
-73.566963725 45.490383952
-73.566971994 45.490374495
-73.566980042 45.49036529
-73.566984523 45.490360164
-73.566992619 45.490350904
-73.566992745 45.490350761
-73.566992761 45.490350742
-73.566992268 45.490351305
-73.566992284 45.490351287
-73.566993621 45.490349758
-73.566993637 45.49034974
-73.566993508 45.490349888
-73.566993524 45.490349869
-73.56699354 45.490349851
-73.566993556 45.490349833
-73.566993572 45.490349814
-73.566993588 45.490349796
-73.566993164 45.490350281
-73.566993409 45.490350001
-73.566993425 45.490349983
-73.566993441 45.490349964
-73.566993457 45.490349946
-73.566993473 45.490349927
-73.566993489 45.490349909
-73.566993273 45.490350156
-73.566993289 45.490350137
-73.566993305 45.490350119
-73.566993321 45.490350101
-73.566993338 45.490350082
-73.566993354 45.490350064
-73.56699337 45.490350045
-73.566993386 45.490350027
-73.566993402 45.490350009
-73.566993418 45.49034999
-73.566993434 45.490349972
-73.566993334 45.490350086
-73.566993351 45.490350067
-73.566993367 45.490350049
-73.566993383 45.490350031
-73.566993399 45.490350012
-73.566993397 45.490350014
-73.56699337 45.490350045
-73.566993813 45.490349539
-73.566993829 45.49034952
-73.566993114 45.490350337
-73.566993131 45.490350319
-73.566993147 45.490350301
-73.566993163 45.490350282
-73.566993179 45.490350264
-73.566992472 45.490351072
-73.566992488 45.490351054
-73.566993546 45.490349844
-73.566993562 45.490349826
-73.566993102 45.490350352
-73.566993151 45.490350295
-73.566993448 45.490349956
-73.566993435 45.490349971
-73.566993451 45.490349953
-73.566993467 45.490349934
-73.56699331 45.490350114
-73.566993326 45.490350095
-73.566993342 45.490350077
-73.566993358 45.490350058
-73.566993374 45.49035004
-73.566993391 45.490350022
-73.566993407 45.490350003
-73.566993423 45.490349985
-73.566993439 45.490349967
-73.566994461 45.490348797
-73.566993444 45.49034996
-73.566993525 45.490349868
-73.566993444 45.49034996
-73.566986659 45.490357721
-73.566985423 45.490359135
-73.566984148 45.490360593
-73.566979529 45.490365877
-73.566970009 45.490376765
-73.566966588 45.490380678
-73.566963763 45.49038391
-73.566966293 45.490381016
-73.56696581 45.490381567
-73.566965113 45.490382365
-73.566967952 45.490379118
-73.566968597 45.49037838
-73.566967812 45.490379278
-73.566971391 45.490375184
-73.566968559 45.490378423
-73.566970204 45.490376542
-73.566973406 45.490372879
-73.566977528 45.490368165
-73.5669804 45.49036488
-73.566979583 45.490365814
-73.5669796 45.490365795
-73.566979617 45.490365775
-73.566979634 45.490365756
-73.56698153 45.490363587
-73.566981225 45.490363936
-73.566981242 45.490363917
-73.566980352 45.490364934
-73.566980516 45.490364747
-73.566979295 45.490366143
-73.566980415 45.490364863
-73.566982043 45.490363
-73.566984789 45.49035986
-73.566986978 45.490357357
-73.566990373 45.490353473
-73.566989983 45.49035392
-73.566990476 45.490353355
-73.566990493 45.490353336
-73.566990596 45.490353218
-73.566991941 45.49035168
-73.566991957 45.490351661
-73.566991973 45.490351643
-73.566991989 45.490351625
-73.566991583 45.490352089
-73.566991599 45.490352071
-73.566991615 45.490352052
-73.566991631 45.490352034
-73.566991647 45.490352015
-73.566991663 45.490351997
-73.566991669 45.49035199
-73.566991795 45.490351847
-73.566991811 45.490351829
-73.566991529 45.49035215
-73.566991545 45.490352132
-73.566991562 45.490352114
-73.566991635 45.49035203
-73.566991635 45.49035203
-73.565257111 45.492407904
-73.565239027 45.492427889
-73.565210543 45.492457616
-73.565152049 45.492492793
-73.565111144 45.492542117
-73.565066003 45.492596547
-73.565017254 45.492655329
-73.564971136 45.492710939
-73.564924904 45.492766686
-73.564873903 45.49283587
-73.564820773 45.4929081
-73.564791615 45.492947741
-73.564707401 45.493056006
-73.564649062 45.493130981
-73.56459223 45.493204018
-73.564537874 45.493273875
-73.564477329 45.493351684
-73.564420726 45.493424699
-73.564363047 45.49349931
-73.564303921 45.493575791
-73.564246585 45.493649958
-73.564186294 45.493727154
-73.564125002 45.493804418
-73.564062875 45.493882735
-73.564001297 45.493964909
-73.563942761 45.494044086
-73.563886029 45.494120821
-73.563835584 45.494189053
-73.563792546 45.494247266
-73.563766713 45.494282208
-73.56378233 45.494257246
-73.563704713 45.494262458
-73.563644064 45.494240352
-73.563580799 45.494217293
-73.563500422 45.494187996
-73.563419462 45.494158487
-73.563331196 45.494126315
-73.563232078 45.494090188
-73.563139226 45.494056344
-73.563058398 45.494026883
-73.562972127 45.493995438
-73.562877745 45.493961037
-73.562781184 45.493925841
-73.562671288 45.493885785
-73.562549872 45.49384153
-73.562437976 45.493800745
-73.562358237 45.493771681
-73.562295273 45.493748732
-73.562254119 45.493733732
-73.562234451 45.493726563
-73.562210848 45.49371796
-73.562192906 45.49371142
-73.562164627 45.493701113
-73.562143588 45.493686711
-73.562152055 45.493580683
-73.562185981 45.493533741
-73.562221609 45.493484444
-73.562263057 45.493427094
-73.5623057 45.493368091
-73.562357401 45.493296555
-73.562407381 45.4932274
-73.562456522 45.493159406
-73.562488635 45.493114972
-73.562494783 45.493106465
-73.562501872 45.493102567
-73.562677634 45.493012128
-73.562739607 45.493036804
-73.56281025 45.493067199
-73.562877165 45.493096528
-73.562927947 45.493118785
-73.562975514 45.493139634
-73.563022959 45.493160429
-73.563103259 45.493195624
-73.563201101 45.493238508
-73.563291764 45.493278245
-73.563357516 45.493307064
-73.563377686 45.493315905
-73.563395883 45.493323409
-73.563407567 45.493329002
-73.56341883 45.493330377
-73.563480807 45.493256231
-73.563512449 45.493212664
