-73.63557 45.54891
-73.6358 45.54876
-73.63622 45.54844
-73.63643 45.54827
-73.63664 45.5481
-73.63682 45.54791
-73.63699 45.54772
-73.63712 45.54752
-73.63727 45.54733
-73.63741 45.54714
-73.63755 45.54696
-73.63768 45.54677
-73.63783 45.5466
-73.63799 45.54643
-73.63814 45.54627
-73.63828 45.54609
-73.63845 45.54592
-73.6386 45.54576
-73.63876 45.5456
-73.63889 45.54543
-73.63902 45.54526
-73.63914 45.54509
-73.6393 45.54494
-73.63943 45.54478
-73.63959 45.54463
-73.63971 45.54447
-73.63984 45.54431
-73.63997 45.54414
-73.6401 45.54397
-73.64021 45.5438
-73.64035 45.54363
-73.64051 45.54346
-73.64064 45.54327
-73.64074 45.54308
-73.64085 45.5429
-73.64098 45.54272
-73.6411 45.54255
-73.64122 45.54237
-73.64132 45.54219
-73.64145 45.54202
-73.64157 45.54185
-73.64181 45.54149
-73.64192 45.54131
-73.64201 45.54113
-73.64211 45.54095
-73.64219 45.54077
-73.64232 45.54059
-73.6424 45.5404
-73.64253 45.54021
-73.64264 45.54003
-73.64273 45.53983
-73.64287 45.53964
-73.64301 45.53945
-73.64315 45.53927
-73.64323 45.53908
-73.64336 45.5389
-73.64347 45.53871
-73.64358 45.53852
-73.6437 45.53834
-73.64384 45.53816
-73.64396 45.53797
-73.64409 45.5378
-73.64419 45.53761
-73.64429 45.53742
-73.64441 45.53722
-73.64454 45.53703
-73.64466 45.53682
-73.6448 45.53663
-73.64491 45.53644
-73.64504 45.53626
-73.64514 45.53608
-73.64525 45.53589
-73.64537 45.53569
-73.64553 45.5355
-73.64566 45.53531
-73.64579 45.53511
-73.64592 45.53491
-73.64602 45.53468
-73.64615 45.53447
-73.64629 45.53429
-73.64653 45.53396
-73.64668 45.53378
-73.64681 45.5336
-73.64692 45.5334
-73.64704 45.53322
-73.64717 45.53305
-73.64729 45.53288
-73.64743 45.53272
-73.64758 45.53256
-73.64769 45.53238
-73.64777 45.53219
-73.64789 45.532
-73.648 45.53182
-73.64813 45.53163
-73.64826 45.53145
-73.64837 45.53126
-73.64849 45.53108
-73.6486 45.53089
-73.64875 45.53071
-73.64888 45.53053
-73.64903 45.53035
-73.64916 45.53018
-73.6493 45.53001
-73.64947 45.52987
-73.64959 45.5297
-73.64969 45.52952
-73.64986 45.52936
-73.65005 45.5292
-73.65022 45.52904
-73.65041 45.52891
-73.65055 45.52874
-73.6507 45.52858
-73.65089 45.52842
-73.65103 45.52825
-73.65123 45.52809
-73.65136 45.52792
-73.65148 45.52775
-73.65155 45.52757
-73.65168 45.52741
-73.65183 45.52704
-73.65187 45.52684
-73.65192 45.52663
-73.65193 45.52643
-73.65197 45.52624
-73.65202 45.52606
-73.65204 45.52587
-73.65208 45.52568
-73.65213 45.52548
-73.65217 45.52529
-73.6522 45.5251
-73.65227 45.52492
-73.65231 45.52474
-73.65238 45.52456
-73.65247 45.52438
-73.65255 45.52419
-73.65264 45.52399
-73.65273 45.52378
-73.65282 45.52357
-73.65293 45.52336
-73.65306 45.52316
-73.65318 45.52297
-73.65328 45.52278
-73.6534 45.5226
-73.65349 45.52242
-73.65356 45.52223
-73.65368 45.52205
-73.65382 45.52188
-73.65394 45.52171
-73.65405 45.52156
-73.65415 45.52141
-73.65422 45.52125
-73.65432 45.52112
-73.65439 45.52099
-73.65444 45.52084
-73.65454 45.52071
-73.65466 45.52056
-73.65476 45.52041
-73.65485 45.52026
-73.65502 45.51995
-73.65511 45.5198
-73.6552 45.51964
-73.65533 45.51949
-73.65547 45.51932
-73.65559 45.51914
-73.6557 45.51895
-73.65581 45.51877
-73.65593 45.51859
-73.65608 45.51842
-73.65621 45.51826
-73.65633 45.51809
-73.65643 45.51792
-73.65656 45.51775
-73.65668 45.51758
-73.65677 45.51741
-73.65689 45.51724
-73.65697 45.51707
-73.65704 45.5169
-73.65716 45.51674
-73.65727 45.51658
-73.65738 45.51642
-73.65748 45.51625
-73.65763 45.51609
-73.65773 45.51592
-73.65786 45.51575
-73.65795 45.51558
-73.65803 45.51541
-73.65815 45.51524
-73.65826 45.51508
-73.65835 45.51492
-73.65844 45.51476
-73.65855 45.51461
-73.65864 45.51444
-73.65874 45.51428
-73.65888 45.51413
-73.65898 45.51396
-73.65904 45.51379
-73.65918 45.51364
-73.65939 45.51333
-73.65948 45.51317
-73.65962 45.51302
-73.65975 45.51286
-73.65982 45.51269
-73.6599 45.51253
-73.65999 45.51237
-73.66008 45.5122
-73.66019 45.51204
-73.6603 45.51188
-73.6604 45.51172
-73.66053 45.51158
-73.66063 45.51141
-73.66074 45.51125
-73.66083 45.51108
-73.66095 45.51091
-73.66107 45.51074
-73.66122 45.51057
-73.66134 45.51038
-73.66145 45.5102
-73.66156 45.51003
-73.66167 45.50987
-73.66175 45.5097
-73.66183 45.50955
-73.66195 45.50941
-73.66203 45.50927
-73.66208 45.50912
-73.66217 45.509
-73.66225 45.50887
-73.66234 45.50874
-73.66243 45.50861
-73.66249 45.50847
-73.66256 45.50833
-73.66266 45.5082
-73.66272 45.50806
-73.66279 45.50792
-73.66288 45.50778
-73.66298 45.50764
-73.66307 45.5075
-73.66324 45.5072
-73.66331 45.50705
-73.6634 45.5069
-73.66352 45.50676
-73.66365 45.50662
-73.66376 45.50649
-73.66384 45.50634
-73.6639 45.5062
-73.66402 45.50607
-73.66409 45.50593
-73.66416 45.50579
-73.66426 45.50566
-73.66435 45.50553
-73.66441 45.5054
-73.6645 45.50527
-73.66458 45.50514
-73.66464 45.50502
-73.66475 45.50493
-73.66484 45.50484
-73.66492 45.50474
-73.66501 45.50464
-73.66513 45.50456
-73.66522 45.50447
-73.66531 45.50438
-73.66541 45.5043
-73.66552 45.50423
-73.66561 45.50414
-73.66567 45.50405
-73.66572 45.50395
-73.6658 45.50386
-73.66585 45.50377
-73.66588 45.50367
-73.66588 45.50356
-73.66582 45.50346
-73.6658 45.50335
-73.66576 45.50326
-73.66571 45.50316
-73.66568 45.50307
-73.66561 45.50298
-73.66552 45.5029
-73.66544 45.50282
-73.66535 45.50274
-73.66525 45.50266
-73.66514 45.50261
-73.66501 45.50255
-73.66487 45.50252
-73.66475 45.50249
-73.66463 45.50245
-73.66454 45.5024
-73.66439 45.50235
-73.66428 45.50229
-73.66419 45.5022
-73.6641 45.50211
-73.66401 45.50202
-73.66392 45.50192
-73.66384 45.5018
-73.66373 45.50171
-73.66364 45.50161
-73.66355 45.5015
-73.66347 45.50138
-73.66335 45.50127
-73.66325 45.50116
-73.66313 45.50105
-73.66301 45.50092
-73.66288 45.50081
-73.66276 45.50069
-73.66265 45.50056
-73.66256 45.50044
-73.66245 45.50034
-73.66235 45.50025
-73.66226 45.50017
-73.66219 45.50012
-73.66211 45.50007
-73.66205 45.50002
-73.66197 45.49998
-73.66192 45.49993
-73.66184 45.49988
-73.66176 45.49982
-73.66168 45.49975
-73.66148 45.49958
-73.66136 45.49949
-73.66121 45.4994
-73.66106 45.49929
-73.66087 45.49918
-73.66066 45.49906
-73.66044 45.49894
-73.66022 45.49882
-73.66 45.49868
-73.65979 45.49854
-73.65955 45.49842
-73.65937 45.49827
-73.65914 45.49814
-73.65894 45.498
-73.65872 45.49787
-73.65852 45.49773
-73.65832 45.49759
-73.65811 45.49747
-73.65791 45.49735
-73.65772 45.49721
-73.65753 45.49709
-73.65732 45.49698
-73.65711 45.49687
-73.65694 45.49673
-73.65672 45.49659
-73.65653 45.49646
-73.65636 45.49632
-73.65616 45.49619
-73.65595 45.49607
-73.65575 45.49593
-73.65553 45.49579
-73.65535 45.49566
-73.65518 45.49554
-73.65499 45.49543
-73.6548 45.4953
-73.6546 45.49519
-73.65443 45.49506
-73.65422 45.49495
-73.65402 45.49482
-73.65362 45.49454
-73.6534 45.49441
-73.65315 45.49429
-73.65296 45.49414
-73.65272 45.49402
-73.65249 45.49389
-73.65226 45.49377
-73.65205 45.49363
-73.65182 45.4935
-73.65157 45.49339
-73.65134 45.4933
-73.65111 45.4932
-73.65086 45.49311
-73.65063 45.493
-73.6504 45.4929
-73.65016 45.49282
-73.64993 45.49272
-73.64972 45.49262
-73.64951 45.49253
-73.64927 45.49246
-73.64905 45.49237
-73.64883 45.49228
-73.6486 45.4922
-73.64837 45.49212
-73.64816 45.49202
-73.64794 45.49192
-73.64769 45.49183
-73.64744 45.49174
-73.64721 45.49163
-73.64699 45.49151
-73.64677 45.4914
-73.64652 45.49132
-73.64629 45.49123
-73.64606 45.49114
-73.64584 45.49103
-73.64561 45.49092
-73.64537 45.49082
-73.64515 45.49072
-73.64492 45.49061
-73.64446 45.49042
-73.64422 45.49031
-73.64396 45.49021
-73.64372 45.4901
-73.64347 45.48999
-73.64321 45.48988
-73.64296 45.48976
-73.6427 45.48965
-73.64243 45.48952
-73.64218 45.48941
-73.64193 45.48929
-73.64169 45.48919
-73.64145 45.48908
-73.64121 45.48898
-73.64099 45.48888
-73.64076 45.48878
-73.64052 45.48868
-73.64029 45.48856
-73.64007 45.48845
-73.63984 45.48834
-73.63961 45.48823
-73.63936 45.48811
-73.63913 45.48801
-73.63891 45.48791
-73.63868 45.4878
-73.63845 45.48769
-73.63821 45.48758
-73.63799 45.48748
-73.63777 45.48738
-73.63756 45.48728
-73.63735 45.48719
-73.63715 45.4871
-73.63694 45.487
-73.63673 45.48691
-73.63652 45.48681
-73.6363 45.48671
-73.63608 45.48662
-73.63587 45.48652
-73.63565 45.48642
-73.63521 45.48622
-73.63499 45.48612
-73.63478 45.48603
-73.63457 45.48593
-73.63435 45.48583
-73.63413 45.48574
-73.63391 45.48564
-73.63369 45.48553
-73.63345 45.48543
-73.63321 45.48533
-73.63296 45.48522
-73.63272 45.48511
-73.63249 45.485
-73.63226 45.4849
-73.63203 45.4848
-73.6318 45.4847
-73.63157 45.4846
-73.63134 45.48449
-73.6311 45.48439
-73.63088 45.48429
-73.63065 45.48419
-73.63043 45.48409
-73.63022 45.48399
-73.63 45.48389
-73.62978 45.48379
-73.62955 45.48369
-73.62933 45.48359
-73.6291 45.48349
-73.62887 45.48338
-73.62864 45.48327
-73.62841 45.48317
-73.62818 45.48306
-73.62794 45.48295
-73.6277 45.48285
-73.62747 45.48274
-73.62724 45.48263
-73.627 45.48252
-73.62676 45.48241
-73.62653 45.4823
-73.62606 45.48209
-73.62582 45.48199
-73.62559 45.48189
-73.62536 45.48179
-73.62515 45.48169
-73.62495 45.4816
-73.62475 45.48152
-73.62456 45.48143
-73.62438 45.48135
-73.6242 45.48127
-73.62402 45.48119
-73.62383 45.48111
-73.62365 45.48103
-73.62347 45.48095
-73.62328 45.48088
-73.62309 45.48079
-73.62288 45.48071
-73.62268 45.48062
-73.62247 45.48054
-73.62227 45.48044
-73.62206 45.48034
-73.62186 45.48023
-73.62165 45.48012
-73.62145 45.48
-73.62126 45.47988
-73.62108 45.47976
-73.62091 45.47963
-73.62074 45.47949
-73.62058 45.47936
-73.62044 45.47922
-73.6203 45.47908
-73.62016 45.47893
-73.62002 45.47877
-73.61988 45.47861
-73.61974 45.47845
-73.6196 45.47829
-73.6195 45.4781
-73.61935 45.47794
-73.61921 45.47778
-73.6189 45.47746
-73.61873 45.47731
-73.61855 45.47715
-73.61835 45.477
-73.61815 45.47686
-73.61793 45.47672
-73.61771 45.47658
-73.61749 45.47643
-73.61727 45.47629
-73.61704 45.47616
-73.61681 45.47603
-73.61574 45.47539
-73.61559 45.47528
-73.61551 45.47526
-73.61523 45.47515
-73.61499 45.47502
-73.6148 45.47493
-73.61458 45.47482
-73.61436 45.47471
-73.61415 45.4746
-73.61395 45.47453
-73.61373 45.47444
-73.61351 45.47435
-73.61329 45.47426
-73.61307 45.47417
-73.61287 45.47409
-73.61267 45.47401
-73.61248 45.47392
-73.61229 45.47384
-73.61211 45.47377
-73.61193 45.47369
-73.61174 45.47361
-73.61155 45.47353
-73.61136 45.47345
-73.61117 45.47337
-73.61078 45.4732
-73.61057 45.47311
-73.61036 45.47302
-73.61015 45.47293
-73.60995 45.47285
-73.60974 45.47275
-73.60953 45.47266
-73.60933 45.47257
-73.60912 45.47247
-73.60891 45.47238
-73.60871 45.47229
-73.60851 45.47219
-73.60832 45.4721
-73.60812 45.47201
-73.60792 45.47192
-73.60773 45.47184
-73.60753 45.47175
-73.60733 45.47166
-73.60713 45.47157
-73.60693 45.47148
-73.60673 45.47139
-73.60653 45.4713
-73.60634 45.47122
-73.60615 45.47113
-73.60596 45.47105
-73.60578 45.47097
-73.60559 45.47089
-73.6054 45.4708
-73.60521 45.47071
-73.60501 45.47062
-73.6048 45.47053
-73.60459 45.47044
-73.60438 45.47035
-73.60416 45.47026
-73.60396 45.47017
-73.60375 45.47008
-73.60354 45.46999
-73.60332 45.46991
-73.6031 45.46982
-73.60265 45.46967
-73.60244 45.46961
-73.60225 45.46957
-73.60205 45.46954
-73.60186 45.46951
-73.60165 45.46949
-73.60145 45.46947
-73.60125 45.46946
-73.60104 45.46946
-73.60083 45.46946
-73.60063 45.46946
-73.60041 45.46948
-73.60022 45.46953
-73.60004 45.46957
-73.59986 45.46961
-73.59969 45.46965
-73.59951 45.4697
-73.59933 45.46975
-73.59916 45.46981
-73.59899 45.46988
-73.59883 45.46995
-73.59868 45.47002
-73.59854 45.47009
-73.59841 45.47016
-73.59829 45.47023
-73.59818 45.4703
-73.59806 45.47038
-73.59795 45.47046
-73.59784 45.47055
-73.59773 45.47063
-73.59762 45.47073
-73.5975 45.47083
-73.59739 45.47093
-73.59729 45.47104
-73.59718 45.47115
-73.59708 45.47125
-73.59699 45.47135
-73.5969 45.47147
-73.59681 45.47159
-73.59674 45.47172
-73.59666 45.47185
-73.59658 45.47197
-73.59653 45.47209
-73.59649 45.47222
-73.59644 45.47235
-73.59641 45.47248
-73.59636 45.47261
-73.59631 45.47275
-73.59626 45.47289
-73.59621 45.47302
-73.59616 45.47316
-73.59611 45.4733
-73.59605 45.47344
-73.59603 45.4736
-73.59598 45.47375
-73.59592 45.4739
-73.59585 45.47405
-73.59579 45.4742
-73.59573 45.47436
-73.59567 45.47452
-73.59561 45.47467
-73.59555 45.47483
-73.59549 45.47499
-73.59542 45.47515
-73.59534 45.47531
-73.59527 45.47547
-73.59521 45.47563
-73.59515 45.47579
-73.59508 45.47596
-73.59502 45.47612
-73.59494 45.47627
-73.59487 45.47643
-73.59478 45.4766
-73.5947 45.47677
-73.5946 45.47693
-73.5945 45.4771
-73.59439 45.47726
-73.59428 45.47743
-73.59415 45.47759
-73.59389 45.47791
-73.59374 45.47807
-73.59358 45.47822
-73.59342 45.47837
-73.59324 45.47851
-73.59305 45.47864
-73.59287 45.47877
-73.59268 45.4789
-73.59249 45.47902
-73.5923 45.47915
-73.5921 45.47927
-73.59191 45.47939
-73.59172 45.47952
-73.59153 45.47964
-73.59133 45.47976
-73.59114 45.47989
-73.59095 45.48002
-73.59076 45.48014
-73.59057 45.48026
-73.59038 45.48038
-73.59016 45.48048
-73.58998 45.4806
-73.5898 45.48072
-73.58959 45.48083
-73.58941 45.48095
-73.58923 45.48107
-73.58903 45.48117
-73.58885 45.48129
-73.58868 45.48142
-73.58848 45.48153
-73.5883 45.48165
-73.58813 45.48179
-73.58796 45.48193
-73.58778 45.48205
-73.58759 45.48217
-73.5874 45.48229
-73.58723 45.48243
-73.58704 45.48255
-73.58687 45.48269
-73.58646 45.48293
-73.58627 45.48305
-73.586 45.48311
-73.58582 45.48324
-73.58568 45.4834
-73.58544 45.48347
-73.58528 45.48362
-73.58508 45.48374
-73.58486 45.48384
-73.58467 45.48397
-73.58451 45.48411
-73.58426 45.48421
-73.58407 45.48433
-73.58389 45.48447
-73.58368 45.48455
-73.58351 45.48469
-73.58333 45.4848
-73.58314 45.48491
-73.58297 45.48503
-73.58278 45.48514
-73.58261 45.48525
-73.58244 45.48536
-73.58227 45.48546
-73.58211 45.48557
-73.58194 45.48568
-73.58177 45.48579
-73.58158 45.48588
-73.5814 45.48599
-73.58126 45.48611
-73.58108 45.4862
-73.58092 45.48631
-73.58075 45.48639
-73.5806 45.48649
-73.58048 45.4866
-73.58038 45.48669
-73.58027 45.48678
-73.58019 45.48689
-73.58009 45.487
-73.58 45.48712
-73.57994 45.48726
-73.5798 45.48754
-73.57972 45.48768
-73.57963 45.48781
-73.57958 45.4879
-73.57943 45.48801
-73.57932 45.48809
-73.57923 45.48811
-73.57906 45.4882
-73.57895 45.48827
-73.5788 45.48834
-73.57864 45.48842
-73.57854 45.48852
-73.57841 45.48861
-73.57829 45.48871
-73.57812 45.48879
-73.57799 45.4889
-73.57786 45.48901
-73.57773 45.4891
-73.57758 45.48919
-73.57747 45.48928
-73.57737 45.48937
-73.57726 45.48946
-73.57716 45.48954
-73.5771 45.48962
-73.57705 45.48971
-73.577 45.48978
-73.57692 45.48985
-73.5769 45.48993
-73.57687 45.49001
-73.57688 45.4901
-73.57687 45.49019
-73.57689 45.49028
-73.57693 45.49036
-73.57695 45.49045
-73.57698 45.49054
-73.57701 45.49064
-73.57706 45.49072
-73.5771 45.4908
-73.57718 45.49093
-73.57719 45.49099
-73.57716 45.49104
-73.57716 45.49105
-73.57716 45.49105
-73.57716 45.49106
-73.57716 45.49106
-73.57717 45.49106
-73.57717 45.49106
-73.57717 45.49106
-73.57717 45.49106
-73.57717 45.49106
-73.57717 45.49106
-73.57717 45.49106
-73.57717 45.49106
-73.57717 45.49106
-73.57717 45.49106
-73.57717 45.49106
-73.57717 45.49106
-73.57717 45.49106
-73.57717 45.49106
-73.57717 45.49106
-73.57717 45.49106
-73.57717 45.49106
-73.57717 45.49106
-73.57717 45.49106
-73.57717 45.49106
-73.57717 45.49106
-73.57716 45.49105
-73.57716 45.49105
-73.57716 45.49105
-73.57716 45.49105
-73.57716 45.49105
-73.57716 45.49105
-73.57716 45.49105
-73.57716 45.49105
-73.57716 45.49105
-73.57716 45.49105
-73.57716 45.49105
-73.57717 45.49106
-73.57717 45.49106
-73.57717 45.49106
-73.57719 45.49107
-73.57721 45.49109
-73.57724 45.49112
-73.57727 45.49115
-73.57728 45.49118
-73.57726 45.49123
-73.57722 45.49129
-73.57715 45.49136
-73.5771 45.49145
-73.57702 45.49153
-73.57695 45.49161
-73.57689 45.49168
-73.57684 45.49174
-73.5768 45.49179
-73.57676 45.49184
-73.57673 45.49186
-73.5767 45.49189
-73.57668 45.49191
-73.57666 45.49193
-73.57665 45.49194
-73.57665 45.49194
-73.57664 45.49195
-73.57664 45.49196
-73.57664 45.49196
-73.57664 45.49196
-73.57664 45.49196
-73.57664 45.49196
-73.57664 45.49196
-73.57664 45.49196
-73.57664 45.49196
-73.57664 45.49196
-73.57664 45.49196
-73.57664 45.49196
-73.57664 45.49196
-73.57664 45.49196
-73.57664 45.49196
-73.57664 45.49196
-73.57664 45.49196
-73.57664 45.49196
-73.57664 45.49196
-73.57664 45.49196
-73.57664 45.49196
-73.57664 45.49196
-73.57665 45.49195
-73.57665 45.49195
-73.57665 45.49195
-73.57664 45.49196
-73.57662 45.49198
-73.57661 45.49201
-73.57658 45.49205
-73.57654 45.4921
-73.57649 45.49216
-73.57644 45.49221
-73.57638 45.49227
-73.57631 45.49234
-73.57625 45.4924
-73.57618 45.49247
-73.57612 45.49254
-73.57605 45.49261
-73.57599 45.49268
-73.57593 45.49274
-73.57588 45.4928
-73.57582 45.49285
-73.57577 45.49291
-73.57571 45.49296
-73.57566 45.49302
-73.5756 45.49308
-73.57555 45.49314
-73.57548 45.49321
-73.57541 45.49328
-73.57535 45.49335
-73.57529 45.49342
-73.57524 45.49349
-73.57519 45.49353
-73.57515 45.49357
-73.57513 45.49359
-73.57512 45.49361
-73.57512 45.49362
-73.57512 45.49362
-73.57512 45.49362
-73.57512 45.49362
-73.57512 45.49362
-73.57512 45.49362
-73.57512 45.49362
-73.57512 45.49362
-73.57512 45.49362
-73.57512 45.49362
-73.57512 45.49362
-73.57512 45.49362
-73.57512 45.49362
-73.57512 45.49362
-73.57512 45.49362
-73.57512 45.49362
-73.57512 45.49362
-73.57512 45.49362
-73.57512 45.49362
-73.57512 45.49362
-73.57512 45.49362
-73.57512 45.49362
-73.57512 45.49362
-73.57512 45.49362
-73.57512 45.49362
-73.57512 45.49362
-73.57512 45.49362
-73.57512 45.49362
-73.57512 45.49362
-73.57512 45.49362
-73.57512 45.49362
-73.57512 45.49362
-73.57512 45.49362
-73.57512 45.49362
-73.57512 45.49362
-73.57512 45.49362
-73.57512 45.49362
-73.57512 45.49362
-73.57512 45.49362
-73.57512 45.49362
-73.57512 45.49362
-73.57512 45.49362
-73.57512 45.49362
-73.57512 45.49362
-73.57512 45.49362
-73.57512 45.49362
-73.57512 45.49362
-73.57512 45.49362
-73.57512 45.49362
-73.57512 45.49362
-73.57512 45.49362
-73.57512 45.49362
-73.57512 45.49362
-73.57512 45.49362
-73.57512 45.49362
-73.57513 45.49362
-73.57513 45.49362
-73.57513 45.49362
-73.57513 45.49362
-73.57512 45.49362
-73.57512 45.49363
-73.5751 45.49365
-73.57508 45.49368
-73.57506 45.4937
-73.57503 45.49372
-73.575 45.49374
-73.57497 45.49374
-73.57493 45.49374
-73.57487 45.49373
-73.5748 45.4937
-73.57472 45.49367
-73.57463 45.49363
-73.57452 45.49359
-73.57443 45.49355
-73.57432 45.4935
-73.57422 45.49345
-73.57411 45.4934
-73.57399 45.49335
-73.57373 45.49323
-73.57359 45.49317
-73.57346 45.49311
-73.57333 45.49305
-73.57321 45.49299
-73.5731 45.49294
-73.57299 45.49288
-73.57288 45.49284
-73.57278 45.49278
-73.5727 45.49274
-73.57263 45.49271
-73.57259 45.49269
-73.57256 45.49267
-73.57255 45.49266
-73.57255 45.49266
-73.57255 45.49266
-73.57256 45.49267
-73.57256 45.49267
-73.57256 45.49267
-73.57256 45.49267
-73.57256 45.49267
-73.57256 45.49267
-73.57256 45.49267
-73.57256 45.49267
-73.57256 45.49267
-73.57256 45.49267
-73.57256 45.49267
-73.57256 45.49267
-73.57256 45.49267
-73.57256 45.49267
-73.57256 45.49267
-73.57256 45.49267
-73.57256 45.49267
-73.57255 45.49266
-73.5725 45.49264
-73.57243 45.49261
-73.57235 45.49257
-73.57226 45.49253
-73.57205 45.49243
-73.57194 45.49238
-73.57183 45.49233
-73.57171 45.49227
-73.57159 45.49222
-73.57148 45.49216
-73.57135 45.4921
-73.57122 45.49202
-73.57107 45.49195
-73.57093 45.49189
-73.5708 45.49183
-73.57067 45.49176
-73.57054 45.4917
-73.57041 45.49163
-73.57028 45.49157
-73.57016 45.49151
-73.57004 45.49145
-73.56991 45.4914
-73.5698 45.49134
-73.56967 45.49128
-73.56954 45.49122
-73.56942 45.49116
-73.5693 45.4911
-73.56918 45.49104
-73.56905 45.49099
-73.56893 45.49093
-73.56881 45.49087
-73.56869 45.49081
-73.56857 45.49076
-73.56845 45.4907
-73.56833 45.49065
-73.56822 45.4906
-73.56811 45.49055
-73.568 45.49049
-73.56789 45.49044
-73.56779 45.49039
-73.5677 45.49035
-73.56763 45.49031
-73.56758 45.49028
-73.5675 45.49024
-73.56748 45.49023
-73.56747 45.49023
-73.56747 45.49023
-73.56747 45.49023
-73.56747 45.49023
-73.56746 45.49023
-73.56743 45.49022
-73.5674 45.4902
-73.56735 45.49018
-73.56731 45.49017
-73.56728 45.49015
-73.56723 45.49014
-73.56719 45.49014
-73.56716 45.49016
-73.56713 45.49018
-73.5671 45.49019
-73.56708 45.4902
-73.56707 45.49021
-73.56705 45.49022
-73.56703 45.49022
-73.567 45.49023
-73.56697 45.49022
-73.56696 45.49021
-73.56694 45.49021
-73.56692 45.49021
-73.5669 45.49021
-73.56689 45.49021
-73.56688 45.49021
-73.56688 45.49021
-73.56686 45.49021
-73.56686 45.49021
-73.56686 45.4902
-73.56686 45.4902
-73.56686 45.4902
-73.56686 45.4902
-73.56686 45.4902
-73.56686 45.4902
-73.56686 45.4902
-73.56686 45.4902
-73.56686 45.4902
-73.56686 45.4902
-73.56686 45.4902
-73.56686 45.4902
-73.56686 45.4902
-73.56686 45.4902
-73.56686 45.4902
-73.56686 45.4902
-73.56686 45.4902
-73.56686 45.4902
-73.56686 45.4902
-73.56686 45.4902
-73.56686 45.4902
-73.56686 45.4902
-73.56686 45.4902
-73.56686 45.4902
-73.56686 45.4902
-73.56686 45.4902
-73.56686 45.4902
-73.56686 45.4902
-73.56686 45.4902
-73.56686 45.4902
-73.56686 45.4902
-73.56686 45.4902
-73.56686 45.4902
-73.56686 45.49019
-73.56686 45.49019
-73.56686 45.49019
-73.56686 45.49019
-73.56686 45.49019
-73.56686 45.49019
-73.56686 45.49019
-73.56686 45.49019
-73.56686 45.49019
-73.56686 45.49019
-73.56686 45.49019
-73.56686 45.49019
-73.56686 45.49019
-73.56686 45.49019
-73.56686 45.49019
-73.56686 45.49019
-73.56686 45.49019
-73.56686 45.49019
-73.56686 45.49019
-73.56686 45.49019
-73.56686 45.49019
-73.56686 45.49019
-73.56686 45.49019
-73.56686 45.49019
-73.56686 45.49019
-73.56686 45.49019
-73.56686 45.49019
-73.56686 45.49019
-73.56686 45.49019
-73.56686 45.49019
-73.56686 45.49019
-73.56686 45.49019
-73.56686 45.49019
-73.56686 45.49019
-73.56686 45.49019
-73.56686 45.49019
-73.56686 45.49019
-73.56686 45.49019
-73.56686 45.49019
-73.56686 45.49019
-73.56686 45.49019
-73.56686 45.49019
-73.56686 45.49019
-73.56686 45.49019
-73.56686 45.49019
-73.56686 45.49019
-73.56686 45.49019
-73.56686 45.49019
-73.56686 45.49019
-73.56686 45.49019
-73.56686 45.49019
-73.56686 45.49019
-73.56686 45.49019
-73.56686 45.49019
-73.56686 45.49019
-73.56686 45.49019
-73.56686 45.49019
-73.56686 45.49019
-73.56686 45.49019
-73.56686 45.49019
-73.56686 45.49019
-73.56686 45.49019
-73.56686 45.49019
-73.56686 45.49019
-73.56686 45.49019
-73.56686 45.49019
-73.56686 45.49019
-73.56686 45.49019
-73.56686 45.49019
-73.56686 45.49019
-73.56686 45.49019
-73.56686 45.49019
-73.56686 45.49019
-73.56686 45.49019
-73.56686 45.49019
-73.56686 45.49019
-73.56686 45.49019
-73.56686 45.49019
-73.56686 45.49019
-73.56686 45.49019
-73.56686 45.49019
-73.56686 45.49019
-73.56686 45.49019
-73.56686 45.49019
-73.56686 45.49019
-73.56686 45.49019
-73.56686 45.49019
-73.56686 45.49019
-73.56686 45.49019
-73.56686 45.49019
-73.56686 45.49019
-73.56686 45.49019
-73.56686 45.49019
-73.56686 45.49019
-73.56686 45.49019
-73.56686 45.49019
-73.56686 45.49019
-73.56686 45.49019
-73.56686 45.49019
-73.56686 45.49019
-73.56686 45.49019
-73.56686 45.49019
-73.56686 45.49019
-73.56686 45.49019
-73.56686 45.49019
-73.56686 45.49019
-73.56686 45.49019
-73.56686 45.49019
-73.56686 45.49019
-73.56686 45.49019
-73.56686 45.49019
-73.56686 45.49019
-73.56686 45.49019
-73.56686 45.49019
-73.56686 45.49019
-73.56682 45.49021
-73.56681 45.4902
-73.56681 45.4902
-73.56681 45.49019
-73.56681 45.49019
-73.56681 45.49019
-73.56681 45.49019
-73.56681 45.49019
-73.5668 45.4902
-73.56677 45.49022
-73.56675 45.49023
-73.56674 45.49024
